procs -----------memory---------- ---swap-- -----io---- -system-- -------cpu-------
 r  b   swpd   free   buff  cache   si   so    bi    bo   in   cs us sy id wa st gu
 4  0 7679100 1364752 110444 15335376  474  923 19438  3527 12230    6  5  6 89  0  0  0
 2  0 7679100 1353008 110444 15336008    0    0     4     4 44351 16643  9  4 87  0  0  0
 4  0 7679080 1305200 110448 15336024   68    0    72     8 30533 17720 10  5 85  0  0  0
 2  0 7679072 1304112 110448 15336040    4    0    20    16 28373 16485 10  4 87  0  0  0
 2  0 7679072 1310780 110448 15336044    0    0     0     4 28072 15625 10  3 87  0  0  0
 5  0 7679048 1313548 110448 15336052    0    0     0    16 30494 19409 10  3 87  0  0  0
 4  0 7679032 1306876 110468 15336052    4    0     4   452 28155 15690 10  3 87  0  0  0
 4  0 7678984 1321432 110468 15336116    0    0     0     0 30428 16105 10  3 87  0  0  0
 3  0 7678956 1295512 110468 15336116   40    0    40    32 30451 18560 10  3 87  0  0  0
 3  0 7678948 1327384 110468 15336116    4    0     4     4 28334 16989 10  3 87  0  0  0
